HRPT, Ce2Sn2O7_Cu12x50,1p15,HI,T=0.01K,a4=3.550{63}
lambda=  1.15500, T=   0.039, dT=  0.000, Date='2018-08-12 06:50:22'
   3.550   0.050 164.500 14094320., sample="Ce2Sn2O7_Cu12x50"
   9313.   9253.   9193.   8889.   8932.   8944.   8581.   8734.   8647.   8624.
   8676.   8523.   8500.   8346.   8287.   8165.   8117.   8182.   8071.   8290.
   7961.   8004.   7973.   7847.   8000.   7872.   7687.   7984.   7691.   7757.
   7648.   7547.   7768.   7694.   7782.   7480.   7827.   7568.   7583.   7479.
   7494.   7419.   7330.   7423.   7381.   7543.   7372.   7345.   7138.   7371.
   7105.   7273.   7331.   7139.   7265.   7201.   7208.   7185.   7102.   7148.
   6999.   7137.   7142.   7097.   7092.   7045.   7233.   6960.   6965.   6972.
   7029.   7129.   7139.   7132.   7030.   7104.   6987.   7066.   6934.   6879.
   6900.   6998.   7027.   6972.   7052.   7109.   6961.   6919.   6948.   6953.
   7094.   6984.   6919.   6921.   6893.   6907.   7010.   6970.   6832.   6844.
   6898.   6947.   6896.   6927.   6851.   6915.   6995.   6815.   6901.   6878.
   6791.   6998.   6756.   6806.   6936.   7048.   7025.   6956.   6907.   6956.
   7141.   6874.   6865.   7012.   7075.   7125.   7151.   7141.   6820.   7160.
   7260.   7267.   7361.   7317.   7540.   7670.   7736.   7721.   7997.   7898.
   8165.   8299.   8487.   8831.   8701.   8821.   9266.   9166.   9398.   9228.
   9172.   8989.   8688.   8203.   8089.   7905.   7528.   7382.   7199.   7137.
   6992.   7031.   6944.   6856.   6827.   6922.   6695.   6824.   6851.   6774.
   6846.   6792.   6771.   6884.   6798.   6851.   6818.   6985.   6746.   6775.
   6851.   6797.   6811.   6908.   6919.   6752.   6793.   6747.   6824.   6731.
   6766.   6690.   6740.   6735.   6711.   6970.   6771.   6759.   6833.   6693.
   6720.   6788.   6859.   6858.   6779.   6859.   6681.   6955.   6791.   6752.
   6868.   6681.   6684.   6678.   6804.   6718.   6784.   6872.   6875.   6662.
   6593.   6819.   6681.   6793.   6756.   6674.   6675.   6612.   6714.   6689.
   6664.   6714.   6768.   6639.   6655.   6684.   6721.   6827.   6663.   6763.
   6592.   6593.   6728.   6588.   6717.   6735.   6796.   6817.   6674.   6770.
   6813.   6561.   6687.   6703.   6842.   6797.   6741.   6817.   6792.   6611.
   6790.   6636.   6817.   6891.   6833.   6751.   6696.   6777.   6764.   6866.
   6697.   6782.   7032.   6824.   6821.   6791.   6935.   6828.   6986.   7196.
   7043.   7125.   7196.   7179.   7198.   7196.   7261.   7206.   7197.   7187.
   7253.   6985.   7098.   7033.   6889.   6845.   6851.   6870.   6779.   6855.
   6785.   6694.   6876.   6926.   6709.   6820.   6821.   6910.   6903.   7000.
   6750.   7015.   6835.   6891.   6703.   6910.   6866.   6926.   6691.   6841.
   6877.   6895.   6881.   7071.   6962.   6999.   7025.   7050.   7054.   7169.
   7428.   7439.   7507.   7660.   7863.   8137.   8307.   8779.   9103.   9751.
  10249.  10877.  11773.  12242.  13038.  13554.  14046.  14342.  14115.  14031.
  13659.  13335.  13268.  12823.  13319.  13461.  14147.  15288.  16321.  18121.
  20108.  21450.  23681.  25191.  26378.  27156.  27267.  26587.  25057.  22710.
  20090.  17846.  15487.  13250.  11820.  10484.   9498.   8696.   8353.   8117.
   7606.   7534.   7404.   7472.   7173.   7328.   7315.   7077.   7080.   7025.
   7136.   6843.   7010.   6926.   7034.   6972.   6987.   6964.   6724.   6828.
   6870.   6916.   6889.   6858.   6915.   6999.   7036.   6977.   6900.   7065.
   7176.   6812.   7055.   6914.   6980.   7053.   7143.   7177.   7080.   7006.
   7355.   7408.   7458.   7561.   7891.   8159.   8499.   8779.   9035.   9324.
   9701.  10054.  10351.  10586.  10646.  10481.  10058.   9749.   9394.   8876.
   8447.   8010.   7945.   7428.   7435.   7046.   6976.   7123.   6967.   7073.
   7039.   6951.   7115.   6869.   7041.   7030.   6997.   6931.   7121.   7050.
   7022.   7115.   7249.   7509.   7510.   7624.   7604.   8171.   8587.   9127.
   9888.  10876.  11735.  13043.  14367.  15383.  16711.  18075.  18589.  19827.
  19729.  19083.  18272.  17076.  15367.  13810.  12387.  10984.  10284.   9542.
   8914.   8409.   8263.   8020.   7981.   8126.   8064.   8052.   8478.   8341.
   8633.   8970.   9198.   9273.   9445.   9381.   9554.   9506.   9488.   9343.
   9093.   8432.   8220.   8101.   7675.   7479.   7340.   7305.   7244.   7152.
   7153.   7248.   7105.   7313.   7196.   7170.   7315.   7106.   7241.   7080.
   7212.   7256.   7306.   7100.   7327.   7438.   7444.   7762.   7834.   8023.
   8543.   8918.   9327.   9686.  10367.  11029.  11442.  12041.  12345.  12505.
  12447.  12037.  11656.  11064.  10493.   9823.   9675.   9276.   8823.   8813.
   8673.   8737.   9014.   9471.  10072.  11166.  12281.  13827.  15932.  18246.
  21021.  24084.  27297.  30303.  33755.  36473.  37960.  38566.  38679.  36896.
  35189.  33088.  31258.  29488.  27829.  26776.  25782.  25038.  24143.  23009.
  21942.  20221.  18743.  17448.  16012.  15304.  14354.  13677.  13263.  12677.
  12155.  11604.  10728.   9867.   9342.   8770.   8452.   8093.   7737.   7884.
   7669.   7649.   7622.   7630.   7574.   7697.   7772.   7455.   7698.   7863.
   7766.   7935.   7875.   7947.   8190.   8362.   8406.   8692.   8931.   9072.
   9433.  10012.  10418.  11317.  12280.  13568.  15533.  18129.  21603.  25520.
  30317.  36583.  43746.  50246.  57639.  64496.  68334.  71633.  71296.  68030.
  63227.  55641.  47678.  39389.  31875.  25669.  21521.  17717.  15015.  13156.
  11794.  11160.  10242.  10019.   9825.   9596.   9835.  10047.  10662.  11391.
  12852.  14530.  16805.  19390.  23045.  26307.  30229.  33705.  36815.  39061.
  39412.  38900.  36353.  33259.  29672.  25272.  21827.  18510.  16053.  13593.
  11776.  10529.   9604.   9114.   8498.   8115.   8038.   7970.   7937.   7591.
   7408.   7610.   7421.   7299.   7358.   7258.   7146.   7207.   7297.   7198.
   7249.   7282.   7236.   7178.   7016.   7088.   7124.   7023.   7152.   7051.
   7188.   7098.   7162.   7235.   7371.   7411.   7573.   7670.   7974.   8216.
   8675.   8907.   9222.   9513.   9588.   9599.   9745.   9590.   9362.   9052.
   8509.   8160.   8061.   7685.   7527.   7317.   7067.   7072.   7006.   6947.
   7048.   6904.   6980.   7232.   7180.   7332.   7612.   7624.   8071.   8365.
   8819.   9381.  10172.  10838.  11298.  12191.  13083.  14045.  14995.  16271.
  18182.  19430.  21348.  22895.  24728.  25792.  25978.  25694.  24411.  22321.
  20068.  17752.  15187.  13330.  11502.  10189.   9217.   8645.   8187.   7812.
   7594.   7345.   7359.   7172.   6913.   6975.   6861.   6846.   6867.   6785.
   6828.   6753.   6818.   6611.   6656.   6668.   6630.   6532.   6562.   6362.
   6498.   6568.   6648.   6369.   6575.   6374.   6487.   6570.   6619.   6454.
   6314.   6623.   6446.   6582.   6347.   6559.   6556.   6745.   6399.   6540.
   6696.   6805.   7135.   7296.   7603.   7969.   8570.   9086.  10247.  11149.
  12239.  13040.  14373.  14868.  15279.  15255.  14727.  13915.  12982.  11528.
  10739.   9799.   8752.   8296.   7790.   7466.   7238.   7040.   7006.   6886.
   6646.   6512.   6599.   6493.   6579.   6667.   6524.   6531.   6579.   6411.
   6580.   6552.   6588.   6521.   6661.   6574.   6542.   6881.   6441.   6888.
   7064.   7090.   7334.   7478.   7557.   7808.   8214.   8222.   8193.   8300.
   8072.   7759.   7224.   6918.   6892.   6868.   6787.   6917.   6847.   6833.
   6808.   6880.   6802.   6910.   7262.   7279.   7644.   8125.   8978.   9924.
  11193.  12525.  14503.  16149.  18358.  20205.  21618.  22574.  22497.  21890.
  20882.  18701.  17160.  15071.  12989.  11557.  10273.   9295.   8794.   8251.
   7729.   7565.   7283.   7220.   6988.   7024.   7010.   7099.   7148.   7083.
   7211.   7162.   7035.   7208.   7163.   7330.   7500.   7345.   7633.   7763.
   8144.   8663.   9134.  10117.  11122.  12161.  13667.  15075.  16534.  17956.
  18872.  19451.  19273.  18561.  17417.  15803.  14121.  12836.  11181.  10129.
   9572.   8958.   8583.   8521.   8245.   8245.   8661.   9090.   9494.  10474.
  11238.  12359.  14142.  15359.  16578.  18100.  18771.  19035.  19028.  18233.
  16967.  15756.  14414.  12975.  11824.  11511.  10868.  11015.  11552.  12756.
  14390.  17424.  21441.  26961.  34455.  42898.  52725.  64329.  74647.  83201.
  90809.  92492.  90878.  85182.  75672.  65423.  52731.  41919.  32685.  25602.
  21448.  18797.  17722.  17506.  17717.  18732.  19913.  20983.  21425.  21729.
  21064.  19839.  18690.  16849.  14870.  13200.  11894.  10562.   9833.   9144.
   8807.   8535.   8171.   8199.   8039.   8090.   8460.   8676.   8947.   9525.
   9943.  10786.  11541.  11995.  13053.  13923.  14308.  15635.  16406.  17146.
  17952.  18185.  17931.  17222.  16121.  15170.  13225.  12166.  10768.   9667.
   8816.   8252.   7855.   7509.   7339.   7131.   7026.   6993.   6755.   6777.
   6621.   6480.   6588.   6559.   6460.   6703.   6554.   6665.   6901.   6808.
   7052.   7106.   7131.   7388.   7278.   7256.   7009.   6972.   6850.   6721.
   6552.   6520.   6516.   6564.   6158.   6394.   6623.   6499.   6665.   7032.
   7201.   7359.   7916.   8091.   8616.   9229.   9182.   9324.   9447.   8979.
   9023.   8471.   8005.   7512.   7336.   6964.   6838.   6515.   6480.   6307.
   6320.   6056.   6202.   6162.   6114.   6147.   6029.   6054.   6202.   5884.
   6032.   6283.   6176.   6092.   6220.   6333.   6245.   6477.   6739.   6975.
   7181.   7605.   7779.   8210.   8521.   8768.   8757.   8801.   8684.   8463.
   8190.   7674.   7301.   7021.   6925.   6504.   6341.   6406.   6384.   6277.
   6381.   6362.   6317.   6527.   6393.   6532.   6826.   6786.   6817.   7042.
   6981.   7032.   6879.   6839.   7119.   6750.   6920.   7072.   6855.   6952.
   7250.   6983.   7287.   7543.   7280.   7442.   7651.   7840.   7746.   7973.
   8151.   8659.   8903.   9608.  10355.  11919.  13698.  16021.  19535.  23666.
  29585.  36525.  44647.  52927.  61305.  68891.  72120.  74534.  73681.  68569.
  62618.  53549.  44176.  35405.  27574.  21780.  17166.  14731.  12941.  11251.
  10517.  10086.   9952.  10030.  10390.  10934.  11258.  11870.  12320.  12282.
  12403.  11745.  11120.  10495.   9761.   8938.   8431.   7704.   7416.   7104.
   6844.   6735.   6544.   6484.   6258.   6314.   6172.   6327.   6283.   6395.
   6267.   6341.   6553.   6558.   6622.   6860.   7136.   7375.   7954.   8508.
   9448.  10644.  11476.  12932.  14300.  15634.  16723.  17638.  18205.  18432.
  18597.  17865.  17719.  16838.  16017.  14841.  13304.  12295.  11164.  11032.
  11591.  11911.  13203.  14479.  16144.  18013.  19950.  21435.  22753.  22886.
  23248.  23118.  22714.  22070.  21642.  20357.  19343.  17911.  16071.  14259.
  12944.  11226.  10086.   9055.   8328.   7857.   7427.   6987.   6724.   6729.
   6449.   6343.   6369.   6230.   6140.   6059.   6033.   6025.   5928.   5960.
   5924.   5905.   5894.   5719.   5788.   5693.   5467.   5543.   5560.   5580.
   5507.   5576.   5612.   5479.   5391.   5655.   5624.   5550.   5540.   5560.
   5845.   5753.   5729.   5849.   5768.   5867.   5970.   5848.   5911.   5816.
   5599.   5574.   5533.   5639.   5451.   5610.   5537.   5380.   5437.   5463.
   5346.   5514.   5430.   5338.   5530.   5514.   5355.   5532.   5551.   5584.
   5717.   5785.   6088.   6242.   6574.   6824.   7149.   7636.   7908.   8301.
   8769.   8794.   8728.   8518.   7962.   7921.   7353.   6814.   6568.   6305.
   6331.   6064.   6077.   5982.   6129.   6211.   6383.   6640.   7006.   7221.
   7376.   7782.   7676.   7624.   7787.   7283.   6966.   6870.   6576.   6311.
   6180.   5998.   5901.   5757.   5960.   5823.   5638.   5774.   5643.   5887.
   5841.   5876.   5933.   5905.   6014.   6065.   6343.   6331.   6753.   6813.
   7225.   7705.   8167.   8793.   9284.   9564.   9792.   9998.   9626.   9373.
   8873.   8446.   8028.   7481.   7115.   6902.   6837.   6745.   6858.   7049.
   7335.   7726.   8316.   8824.   9542.  10162.  10475.  10834.  11051.  10871.
  10365.   9806.   9294.   8937.   8340.   7924.   7435.   6982.   6820.   6393.
   6284.   6224.   6107.   6033.   6047.   6054.   6136.   6299.   6283.   6496.
   6708.   6892.   7276.   7702.   8448.   9111.   9894.  10998.  12155.  13500.
  14396.  14881.  15628.  15401.  14932.  14324.  13396.  12341.  11407.  10256.
   9908.   9686.   9595.   9558.   9806.  10631.  11721.  12827.  14556.  16275.
  18416.  21117.  23717.  25557.  28084.  29673.  31084.  31471.  31646.  30807.
  29224.  27398.  24343.  21497.  18881.  16168.  13776.  11977.  10874.   9777.
   9227.   8382.   7896.   7708.   7522.   7361.   7431.   7557.   7968.   8187.
   8680.   9124.   9988.  10622.  11628.  12323.  12866.  13061.  12860.  12850.
  11916.  10981.  10055.   9443.   8739.   8172.   7608.   7351.   7016.   7153.
   7341.   7344.   7733.   7829.   8184.   8489.   8723.   8861.   8742.   8774.
   8595.   8292.   7787.   7232.   7092.   6878.   6565.   6297.   6200.   6073.
   6108.   6021.   6075.   6052.   6280.   6266.   6397.   6583.   6670.   6934.
   7327.   7915.   8587.   9421.  10433.  12000.  13207.  15046.  17222.  18540.
  20047.  21221.  20836.  20796.  19368.  17706.  15906.  14095.  12212.  11150.
  10049.   8996.   8299.   7844.   7560.   7123.   6913.   6804.   6901.   6688.
   6829.   6693.   6605.   6657.   6441.   6149.   6297.   6162.   6094.   6276.
   6095.   6050.   6107.   6091.   6062.   6313.   6231.   6351.   6442.   6481.
   6720.   6868.   7049.   7218.   7421.   7915.   8443.   8724.   9718.  10573.
  11686.  12670.  13902.  15177.  15957.  16701.  16585.  16002.  15426.  14127.
  12723.  11752.  10394.   9564.   8668.   8250.   7511.   7266.   7108.   6880.
   6863.   6884.   6912.   7047.   7093.   7039.   7183.   7211.   7169.   7259.
   7479.   7711.   7878.   8370.   9062.  10251.  11710.  13603.  16750.  20488.
  25788.  31332.  37899.  43802.  48797.  51814.  51161.  47808.  42244.  35058.
  28778.  22672.  18692.  15195.  12837.  11104.   9773.   8882.   8176.   7634.
   7349.   7159.   7054.   6842.   6808.   6734.   6575.   6840.   6907.   7029.
   7012.   7299.   7571.   8059.   8222.   8647.   9175.   9748.  10329.  10779.
  11216.  11971.  12059.  12335.  12555.  12439.  12649.  12173.  12159.  11659.
  11308.  11179.  11254.  11369.  11873.  12880.  14352.  16966.  20260.  23904.
  28738.  33184.  38204.  41543.  43217.  43057.  39710.  36205.  30877.  26206.
  22412.  18843.  16683.  14815.  13272.  12240.  11176.  10267.   9787.   9145.
   8871.   8460.   8267.   8071.   8015.   8331.   8706.   8902.   9741.  10298.
  11027.  11799.  12163.  12736.  12845.  12645.  11937.  11528.  10668.   9881.
   9075.   8441.   7908.   7298.   6922.   6362.   6380.   6094.   6081.   6016.
   5958.   5773.   5887.   5776.   5854.   5946.   5818.   6029.   5876.   6225.
   6521.   6679.   6988.   7307.   7570.   7944.   8104.   8318.   8357.   8473.
   8454.   8112.   7922.   7674.   7114.   7191.   6768.   6743.   6848.   7060.
   6982.   7434.   7676.   8020.   8536.   8838.   9323.   9634.   9727.   9760.
   9587.   9183.   8720.   8457.   7667.   7265.   6770.   6337.   6014.   5944.
   5740.   5616.   5504.   5427.   5360.   5299.   5169.   5125.   5311.   5197.
   5100.   5207.   5294.   5134.   5296.   5152.   5075.   4999.   5259.   5178.
   5192.   5247.   5182.   5151.   5133.   5122.   4896.   5048.   5100.   4798.
   4978.   5050.   4944.   5045.   5085.   5085.   5136.   5051.   5110.   5251.
   5421.   5311.   5479.   5383.   5262.   5380.   5317.   5274.   5310.   5321.
   5164.   5176.   5204.   5400.   5275.   5317.   5386.   5393.   5495.   5463.
   5592.   5760.   5929.   6146.   6283.   6374.   6618.   7210.   7573.   8021.
   8825.   9692.  10472.  11211.  12103.  12839.  13319.  13572.  13214.  12936.
  12151.  11526.  10479.   9799.   9105.   8390.   7887.   7451.   7552.   7252.
   7289.   7334.   7504.   7515.   7904.   8328.   8933.   9481.  10027.  10532.
  11389.  12293.  12437.  12928.  13160.  12896.  12814.  12204.  11409.  10621.
   9750.   9210.   8648.   7956.   7542.   7308.   7069.   6668.   6906.   6779.
   6984.   7097.   7085.   7375.   7656.   8117.   8474.   9527.   9961.  10630.
  11532.  12528.  13962.  15259.  17022.  19369.  23000.  26346.  30683.  35117.
  39114.  40696.  42438.  40354.  37050.  33027.  27873.  23376.  19302.  15645.
  13623.  11766.  10124.   8958.   8567.   7683.   7198.   7101.   6743.   6455.
   6370.   6235.   6244.   6129.   6097.   5983.   5940.   6107.   5887.   5995.
   6130.   6030.   6125.   6280.   6337.   6476.   6783.   7043.   7441.   7933.
   8406.   9082.   9640.  10619.  11121.  11897.  12412.  12827.  13212.  12851.
  12709.  12175.  11541.  10812.  10184.   9651.   8941.   8840.   8328.   8409.
   8543.   8749.   8609.   9235.   9574.   9992.  10484.  10501.  10947.  11091.
  10986.  10649.  10124.   9845.   9180.   8614.   8117.   7735.   7329.   7024.
   6782.   6488.   6409.   6200.   6346.   6278.   6214.   6198.   6335.   6254.
   6673.   7095.   7209.   7638.   8097.   8547.   8796.   8866.   8894.   8873.
   8851.   8766.   8699.   8960.   8916.   8810.   8514.   8433.   8275.   7963.
   7797.   7437.   7211.   7176.   7194.   7125.   7399.   7573.   7863.   8317.
   8843.   9319.   9718.  10399.  10745.  10796.  11144.  11029.  10638.  10228.
   9738.   9178.   8661.   8201.   7707.   7261.   7003.   6620.   6433.   6227.
   6051.   6122.   5989.   6049.   6100.   5774.   6006.   5982.   6007.   6174.
   6199.   6393.   6682.   6944.   7201.   7677.   7820.   8266.   8553.   9231.
   9311.   9551.   9816.   9944.   9599.   9807.   9462.   9159.   8937.   8727.
   8875.   8663.   8815.   8856.   9619.  10020.  10719.  11640.  13159.  14496.
  17012.  19571.  23051.  26527.  30066.  33870.  36924.  38829.  39850.  39457.
  38008.  35455.  33040.  29048.  25588.  22746.  19930.  17390.  15172.  13373.
  12244.  10728.   9815.   9100.   8400.   7917.   7409.   6982.   7078.   6577.
   6415.   6265.   5969.   5864.   5880.   5516.   5550.   5633.   5360.   5447.
   5531.   5333.   5441.   5423.   5321.   5323.   5266.   5210.   5374.   5232.
   5301.   5253.   5301.   5456.   5443.   5508.   5468.   5672.   5806.   5719.
   5986.   6101.   6256.   6475.   6661.   6646.   6660.   6512.   6426.   6104.
   6062.   5807.   5664.   5553.   5207.   5390.   5361.   5246.   5319.   5154.
   5340.   5406.   5330.   5391.   5473.   5465.   5663.   5830.   5856.   6158.
   6364.   6642.   6872.   7238.   7649.   7916.   8328.   8665.   8951.   9210.
   9274.   9587.   9391.   9151.   8722.   8725.   8260.   7891.   7524.   7207.
   7087.   6911.   6986.   6941.   6823.   6921.   7179.   7422.   7634.   7657.
   7874.   8381.   8278.   8258.   8388.   8202.   8009.   7855.   7634.   7212.
   7042.   6731.   6342.   6374.   6192.   5860.   5814.   5733.   5509.   5655.
   5473.   5485.   5489.   5384.   5443.   5382.   5531.   5455.   5580.   5737.
   5879.   5901.   6040.   6317.   6291.   6710.   6834.   7108.   7333.   7642.
   7712.   7676.   7868.   7792.   7574.   7709.   7354.   7185.   6976.   6762.
   6488.   6294.   6109.   5968.   5787.   5914.   5746.   5761.   5623.   5704.
   5727.   5681.   5770.   5839.   5822.   5836.   5829.   5850.   5688.   5647.
   5753.   5518.   5583.   5478.   5565.   5345.   5175.   5230.   5273.   5065.
   5263.   5145.   5156.   5152.   5212.   5291.   5318.   5450.   5208.   5387.
   5476.   5517.   5615.   5958.   5769.   6084.   6329.   6537.   6812.   6852.
   7185.   7494.   7840.   8027.   8320.   8384.   8359.   8548.   8333.   8313.
   8103.   7897.   7886.   7638.   7341.   7430.   7290.   6967.   6972.   7055.
   7049.   7160.   7485.   7598.   7820.   8076.   8269.   8727.   9012.   9177.
   9483.   9596.   9753.  10034.   9939.  10179.   9909.   9966.   9846.   9613.
   9419.   9278.   8978.   8697.   8351.   8140.   7734.   7651.   7301.   7303.
   7212.   6884.   6979.   7071.   6790.   6984.   7239.   7193.   7601.   7686.
   8020.   8355.   8853.   9437.   9775.  10680.  10946.  11613.  12330.  12938.
  13250.  13967.  13892.  14054.  13693.  13516.  12977.  12506.  12149.  11334.
  11036.  10203.   9764.   9222.   8959.   8653.   8264.   8106.   7971.   7887.
   7756.   7701.   7960.   7941.   8058.   8153.   8060.   8314.   8274.   8070.
   8183.   7964.   8008.   7848.   7685.   7607.   7534.   7564.   7195.   7174.
   7080.   7370.   7148.   7249.   7323.   7440.   7874.   8158.   8569.   9253.
   9903.  10876.  12304.  13724.  15503.  18010.  20424.  23024.  25781.  28030.
  30266.  32417.  34079.  34348.  34161.  33513.  32239.  30257.  27934.  25640.
  23617.  20637.  18585.  16772.  14701.  13036.  11817.  10919.  10135.   9280.
   9059.   8549.   8011.   7630.   7349.   7475.   7080.   7170.   6967.   6951.
   6959.   6865.   6900.   6909.   6961.   7018.   7038.   7011.   7086.   7126.
   6867.   6905.   6769.   6650.   6543.   6655.   6423.   6379.   6296.   6281.
   6152.   5951.   6092.   6009.   5922.   6035.   5927.   5932.   5958.   5978.
   6120.   6117.   6152.   6276.   6341.   6432.   6419.   6646.   6749.   7052.
   7258.   7496.   7697.   8124.   8286.   8888.   9030.   9364.  10003.  10194.
  10739.  10835.  11197.  11182.  11322.  11571.  11199.  11031.  11194.  10695.
  10523.   9991.   9498.   9040.   8797.   8435.   8279.   7791.   7601.   7293.
   7129.   6858.   6804.   6555.   6437.   6540.   6392.   6302.   6325.   6202.
   6312.   6177.   6222.   6126.   6281.   6260.   5985.   6008.   5933.   5792.
   5950.   5949.   5897.   5755.   5825.   5704.   5590.   5741.   5703.   5592.
   5714.   5613.   5823.   5770.   5914.   5957.   5997.   6030.   6163.   6194.
   6287.   6318.   6378.   6575.   6637.   6933.   7063.   7272.   7592.   7794.
   8067.   8294.   8842.   9220.   9557.   9945.  10329.  10646.  10985.  11299.
  11592.  11787.  12045.  12245.  12078.  11956.  11912.  11883.  11593.  11324.
  11356.  10982.  10654.  10521.  10485.  10078.  10131.  10178.  10072.  10133.
  10188.  10410.  10859.  10972.  11412.  11782.  12211.  12705.  13120.  13560.
  14129.  14641.  14977.  15463.  15535.  16086.  16145.  16075.  16239.  16496.
  16347.  16028.  15771.  15624.  15394.  15015.  14487.  14320.  13987.  13567.
  13352.  12585.  12166.  11733.  11549.  10954.  10721.  10487.  10209.  10218.
  10047.   9844.   9697.   9798.   9812.   9845.   9828.  10006.  10260.  10480.
  10784.  11108.  11713.  11764.  12512.  13261.  13824.  14605.  15789.  16261.
  17654.  19183.  20730.  22096.  24039.  25939.  28127.  30788.  34090.  36862.
  41237.  43670.  47032.  50804.  53210.  56312.  58642.  60004.  62133.  62752.
  63603.  62751.  62257.  60346.  58269.  56287.  52970.  49995.  47334.  43122.
  41299.  37791.  34618.  32229.  29386.  27145.  24981.  22899.  21684.  20234.
  19260.  17951.  16853.  16183.  15175.  14726.  13990.  13520.  12821.  12027.
  11772.  11367.  11024.  10645.  10323.  10068.   9623.   9565.   9268.   8976.
   8995.   8699.   8632.   8574.   8536.   8217.   8287.   8112.   8145.   8202.
   8192.   8229.   8204.   8208.   8252.   8373.   8322.   8341.   8573.   8727.
   8889.   9055.   9082.   9590.   9459.   9823.  10218.  10457.  10685.  11067.
  11561.  11900.  12340.  12596.  12842.  13261.  13594.  14086.  14163.  14538.
  14939.  14808.  15487.  15954.  16168.  16435.  17091.  17363.  18129.  18913.
  19552.  20319.  21672.  22150.  23606.  24763.  25276.  26740.  27416.  28085.
  29360.  29471.  30255.  30128.  30086.  29986.  29946.  28727.  28845.  28044.
  26939.  25842.  24926.  23378.  22082.  21153.  19732.  18494.  17527.  16225.
  15408.  14361.  13500.  12801.  11887.  11326.  10677.  10351.   9886.   9401.
   9246.   9078.   8499.   8441.   8245.   7900.   7746.   7627.   7174.   7285.
   7197.   7139.   7002.   6840.   6883.   6857.   6637.   6544.   6650.   6610.
   6549.   6523.   6651.   6592.   6683.   6603.   6178.   6642.   6312.   6425.
   6659.   6545.   6570.   6865.   6778.   6608.   7171.   6940.   6962.   7515.
   7055.   7362.   7830.   7469.   7646.   8232.   7864.   8041.   8500.   8082.
   8714.   8909.   8555.   9076.   9021.   8690.   9022.   9057.   8585.   8887.
   9022.   8417.   8782.   8756.   8266.   8409.   8399.   8067.   8203.   7982.
   7660.   7818.   7832.   7474.   7448.   7359.   7133.   7035.   6944.   6975.
   6909.   6780.   6831.   6694.   6713.   6543.   6480.   6560.   6599.   6172.
   6571.   6372.   6451.   6386.   6350.   6298.   6239.   6292.   6237.   6131.
   6444.   6102.   6328.   6363.   6145.   6218.   6168.   6091.   6099.   6104.
   6018.   6072.   5899.   6032.   5960.   6002.   5881.   5775.   5739.   5849.
   5835.   5671.   5766.   5741.   5722.   5629.   5689.   5541.   5708.   5555.
   5719.   5588.   5583.   5390.   5533.   5518.   5395.   5399.   5487.   5321.
   5372.   5539.   5438.   5471.   5338.   5459.   5356.   5387.   5354.   5243.
   5427.   5472.   5512.   5440.   5524.   5487.   5335.   5361.   5458.   5440.
   5481.   5507.   5499.   5272.   5341.   5485.   5384.   5385.   5565.   5563.
   5601.   5619.   5523.   5561.   5678.   5545.   5688.   5709.   5627.   5685.
   5630.   5700.   5731.   5863.   5636.   5782.   5731.   5801.   5874.   5691.
   5875.   5857.   5795.   6087.   5852.   5965.   5936.   5989.   6060.   6083.
   6093.   6189.   6267.   6077.   6149.   6271.   6118.   6210.   6439.   6355.
   6467.   6419.   6428.   6671.   6667.   6745.   6710.   6896.   6929.   6928.
   7170.   7170.   7282.   7449.   7621.   7480.   7947.   7721.   8001.   8103.
   8386.   8319.   8636.   8737.   8796.   8922.   9281.   9312.   9668.   9710.
   9912.  10392.  10583.  10646.  11000.  11209.  11367.  11558.  11765.  11841.
  12156.  12243.  12965.  12533.  12964.  13154.  13402.  13358.  13700.  13456.
  13808.  13816.  13961.  13756.  13982.  13888.  13637.  13923.  13931.  13841.
  13901.  13620.  13593.  13390.  13132.  13115.  13057.  12660.  12779.  12666.
  12265.  12300.  12027.  11877.  11386.  11681.  11468.  11213.  11068.  10917.
  10899.  10877.  10051.  10385.  10396.  10324.   9828.   9982.   9738.   9495.
   187.3   190.9   194.5   186.9   191.3   195.9   130.5   193.2   133.9   132.2
   134.8   134.4   107.4   133.6   107.6   106.0   106.7   107.7    91.0   108.6
    91.1    91.1    91.2    90.9    90.9    91.1    88.6    91.4    88.7    89.5
    88.2    88.4    88.5    89.0    88.5    87.2    88.4    87.8    86.4    86.9
    85.8    86.0    84.7    85.9    84.8    86.4    84.6    85.1    83.0    85.0
    83.0    84.2    84.2    83.7    83.8    83.9    83.5    83.8    82.4    83.6
    81.9    83.1    83.0    82.9    82.4    82.9    83.0    82.0    81.4    81.9
    81.8    82.8    82.5    82.8    82.1    82.7    81.5    82.7    81.2    81.3
    81.3    82.0    82.2    82.2    82.4    83.0    81.9    82.1    81.3    82.3
    83.0    82.0    82.0    82.4    81.7    82.4    82.8    82.5    81.2    82.2
    81.8    82.3    82.5    82.4    81.7    83.0    82.7    81.9    82.4    82.4
    81.2    83.4    81.8    81.7    82.8    84.0    82.7    83.4    82.4    82.7
    84.0    82.7    82.0    83.7    83.7    84.0    83.8    84.6    81.9    84.3
    85.3    85.0    85.8    86.1    87.2    88.0    88.8    88.7    90.0    90.3
    91.9    92.2    94.0    96.1    94.9    96.3    98.7    97.9    99.3    99.0
    98.0    97.7    95.9    93.2    92.0    91.9    88.7    88.4    86.6    86.8
    84.9    86.1    84.7    84.6    83.4    85.0    82.1    83.9    82.9    83.1
    82.5    83.0    81.6    83.2    81.8    82.6    81.5    83.3    80.5    81.6
    81.3    81.2    80.9    82.1    81.1    81.0    80.4    80.5    80.5    80.5
    80.0    80.1    80.2    80.2    79.8    82.0    79.9    80.5    80.7    79.9
    79.8    80.9    80.6    81.0    80.5    81.0    79.6    82.0    79.9    80.5
    80.9    79.7    79.7    80.2    80.2    80.3    80.3    81.1    81.0    80.0
    79.1    81.1    79.6    80.8    80.4    80.0    79.6    79.9    79.5    80.2
    79.7    80.0    80.4    79.9    79.4    80.3    80.3    80.8    79.6    81.0
    79.1    79.6    80.2    79.5    80.0    80.7    80.8    81.0    80.2    81.1
    81.0    79.9    81.1    80.7    82.0    82.2    81.1    82.3    82.5    80.7
    82.6    81.9    83.1    83.6    84.0    83.1    83.2    84.1    83.7    84.7
    84.1    84.3    86.2    85.3    84.9    85.1    86.0    85.4    86.2    88.1
    86.6    87.6    87.6    87.9    87.5    88.1    87.2    88.1    87.0    87.2
    87.0    86.2    85.4    86.2    84.2    84.3    83.6    84.5    82.2    84.1
    82.3    82.1    82.9    83.6    81.1    83.0    81.5    82.7    82.2    83.0
    81.0    83.3    81.2    82.3    80.8    82.1    81.3    82.5    80.0    81.6
    81.6    81.6    81.6    83.2    82.0    82.7    82.5    82.9    82.4    83.7
    85.1    85.0    85.5    86.8    87.1    89.4    90.1    92.6    94.3    98.1
    99.8   103.6   107.6   109.7   113.1   116.1   116.9   119.2   117.3   117.5
   115.5   114.7   114.0   112.5   114.1   115.4   117.6   122.8   126.0   133.7
   140.0   145.2   152.4   157.5   160.9   164.1   163.2   162.4   157.3   149.7
   140.6   133.5   123.8   114.8   109.2   102.4    97.5    94.1    91.5    90.7
    88.5    87.3    87.4    88.2    85.6    87.4    87.4    85.5    85.8    86.1
    86.4    84.9    86.5    85.6    86.6    86.8    86.0    86.7    85.0    85.5
    86.1    86.7    85.8    86.4    86.2    86.9    87.0    87.1    85.9    87.6
    87.5    85.8    86.9    86.3    85.4    87.4    86.4    87.1    85.9    86.0
    87.0    88.4    87.4    88.7    89.6    91.9    92.4    95.0    94.8    97.3
    98.0   100.6   101.4   103.0   102.3   102.5    99.3    98.5    95.8    93.8
    90.6    88.9    88.1    85.4    84.9    83.4    81.9    83.6    81.9    82.9
    82.3    82.2    83.1    81.8    82.4    83.0    81.5    82.2    82.7    82.3
    82.0    83.1    83.4    85.2    85.1    86.0    85.1    89.2    90.4    93.7
    97.6   102.3   106.0   112.7   117.5   122.1   126.5   132.5   132.5   138.5
   138.0   135.0   132.4   129.1   120.8   115.7   109.0   102.7    99.1    96.2
    92.1    90.1    89.3    87.9    87.6    89.0    87.5    88.5    90.2    89.5
    91.2    93.3    94.4    95.0    95.4    95.8    96.6    96.3    96.4    96.0
    94.3    91.3    90.1    89.5    87.7    86.3    85.7    85.9    85.4    85.0
    85.8    85.8    85.5    87.2    86.1    86.3    87.3    86.0    86.9    86.4
    86.5    87.5    87.6    86.3    87.7    88.9    88.0    90.7    90.3    91.9
    94.2    96.9    97.9   100.9   103.2   107.0   107.8   111.8   111.2   113.3
   112.1   110.4   108.2   106.3   101.9    99.8    98.0    96.3    92.9    94.0
    91.9    93.0    94.0    96.6    98.5   105.1   108.7   116.0   124.1   133.2
   142.0   153.5   162.0   171.4   180.6   188.3   190.3   194.1   192.2   188.6
   184.1   178.7   173.3   169.5   163.2   161.3   157.5   155.6   151.9   149.6
   144.5   139.8   134.4   129.6   123.5   122.1   116.6   114.7   112.4   110.2
   107.3   105.7   100.5    97.2    94.1    91.4    89.1    88.1    84.8    86.6
    84.9    84.8    84.8    85.1    84.0    85.7    85.3    83.7    85.1    86.2
    84.7    86.9    86.0    86.1    87.8    89.1    88.0    90.9    91.3    91.9
    94.5    97.2    98.7   104.1   108.2   113.2   121.9   132.2   143.7   157.1
   171.8   188.0   208.4   222.4   238.4   254.3   261.7   267.2   269.0   262.4
   255.0   238.9   222.3   202.2   182.1   164.0   150.6   136.5   126.2   118.4
   112.0   109.4   104.8   103.8   102.8   102.0   102.5   104.5   107.1   110.8
   117.1   125.7   133.9   144.7   156.0   168.4   178.2   189.7   196.1   203.8
   201.8   202.7   193.1   186.4   173.7   161.9   148.6   137.9   126.7   117.9
   108.1   103.2    97.8    95.6    91.6    90.4    88.5    89.2    88.4    86.4
    85.1    87.0    84.8    84.9    84.8    84.4    83.1    84.4    83.8    83.9
    83.7    84.2    83.2    83.8    81.9    82.8    82.6    82.4    82.4    82.6
    82.5    82.5    82.7    83.2    84.0    84.6    84.3    86.1    87.0    88.3
    90.9    92.4    93.6    95.7    95.7    96.0    96.7    96.2    94.4    93.7
    90.2    88.6    88.3    86.2    85.4    84.6    82.4    83.2    82.1    82.1
    83.2    81.9    82.5    84.7    83.8    84.9    86.8    86.8    89.0    91.5
    93.5    96.4   101.4   104.2   106.1   111.6   114.5   118.9   122.9   128.4
   136.0   140.7   148.1   153.4   159.4   163.7   163.5   163.3   159.4   152.3
   144.2   136.6   126.2   118.1   110.0   103.9    97.6    95.9    92.7    90.4
    89.9    88.3    87.8    87.8    84.7    85.9    84.7    84.7    84.0    84.7
    83.8    83.7    83.8    82.9    81.8    83.4    81.2    81.4    81.1    79.9
    80.1    81.6    80.9    79.7    93.5    79.6    79.3    93.5    80.3    79.5
    90.5    80.8    78.9    93.0    78.4    80.0    91.8    81.3    78.6    92.3
    81.0    81.4    96.3    85.0    85.7   102.5    91.6    94.2    99.8   105.0
   109.0   113.2   119.1   120.7   122.3   123.3   119.7   117.4   113.4   106.5
   103.0    99.1    92.8    91.0    88.1    86.2    84.8    84.2    83.3    83.2
    81.2    80.7    81.4    80.7    80.9    82.3    80.2    81.0    81.1    80.0
    80.8    81.4    80.8    80.9    81.7    81.2    80.5    83.5    79.8    83.0
    84.0    84.1    85.1    86.9    86.5    88.3    90.2    90.7    89.8    91.2
    89.5    87.9    85.1    83.3    82.8    83.4    81.9    83.4    83.3    82.6
    82.8    84.0    82.8    83.9    86.6    86.1    88.6    92.1    95.9   101.4
   108.5   113.8   123.0   131.1   137.9   145.9   150.7   153.7   153.1   152.5
   147.7   140.4   133.8   126.2   116.0   110.4   102.6    98.7    94.8    92.4
    88.7    88.4    85.4    86.2    83.5    84.4    83.4    84.7    83.8    84.3
    84.0    84.3    83.0    84.4    83.2    85.2    84.6    84.7    85.4    86.5
    88.2    91.5    92.9    98.8   102.4   107.7   113.6   119.9   124.7   130.9
   133.4   136.0   134.6   133.0   128.4   122.5   114.7   110.8   102.2    97.7
    95.3    92.0    90.0    90.4    88.2    88.7    90.7    93.1    94.6   100.2
   103.6   108.5   116.1   121.7   124.9   132.0   134.0   134.6   134.2   132.8
   126.7   122.7   117.7   111.4   105.7   105.7   101.3   102.5   105.0   110.4
   116.4   129.7   142.6   160.1   180.8   202.8   222.1   248.4   265.1   280.5
   293.3   296.7   292.9   285.6   268.1   249.8   223.6   200.6   176.7   156.6
   143.6   134.7   130.3   130.4   131.3   134.7   139.9   143.6   145.1   146.9
   145.5   140.3   137.8   130.8   122.6   116.4   110.4   103.9   100.7    97.3
    95.9    94.3    92.4    93.1    91.6    92.4    94.6    95.7    97.0   101.0
   101.9   107.1   110.4   112.5   116.6   121.9   121.2   128.3   130.1   133.5
   135.3   137.7   134.6   133.3   126.9   124.5   114.1   110.9   103.2    98.1
    93.4    90.8    87.6    86.6    84.7    83.9    82.9    83.1    80.9    81.8
    80.2    79.6    80.5    80.2    79.3    81.6    79.8    81.0    82.5    81.8
    83.4    84.2    83.6    85.8    84.8    84.8    82.8    83.5    81.8    81.5
    80.3    80.3    79.4    80.8    77.5    79.1    80.3    80.1    79.7    83.1
    83.5    84.2    87.4    88.9    90.6    94.9    93.6    94.7    94.6    93.1
    92.6    90.1    87.4    84.9    83.3    82.0    80.2    78.9    78.4    77.5
    77.3    76.2    77.1    76.7    76.4    77.2    75.4    76.4    76.8    74.9
    75.8    77.7    77.1    76.6    77.5    78.5    77.2    79.5    81.1    82.0
    84.1    86.6    86.6    90.4    92.1    92.4    93.2    94.1    92.3    92.1
    91.2    87.2    86.2    84.9    83.1    81.8    80.5    80.4    80.8    80.6
    80.6    81.1    80.8    81.9    80.9    82.6    83.8    83.8    83.9    85.5
    84.4    85.7    83.9    84.0    85.4    83.6    83.0    85.6    82.9    83.7
    85.3    84.2    84.5    87.6    84.5    85.8    86.4    88.2    86.4    88.7
    88.5    91.8    92.4    96.6    98.6   107.5   113.5   123.3   135.6   150.1
   166.4   186.4   204.9   223.8   239.1   255.9   258.3   265.1   261.8   253.3
   240.6   224.4   202.0   181.9   159.9   142.6   125.8   117.5   109.4   102.4
    98.7    97.1    95.9    96.9    98.2   101.1   102.3   105.5   107.0   107.4
   107.9   105.1   102.5    99.8    95.8    92.3    88.9    85.6    83.9    82.1
    80.6    80.4    78.9    78.9    77.4    77.9    77.0    78.2    77.5    78.8
    77.5    78.3    79.6    79.7    79.5    81.9    82.4    84.4    87.8    90.5
    95.6   102.1   105.2   112.4   118.2   123.4   127.7   131.9   133.5   134.7
   135.3   132.9   132.9   129.4   127.0   122.3   115.6   111.8   106.5   105.8
   109.6   110.6   116.9   123.1   129.3   137.3   144.9   149.8   154.4   156.1
   156.0   156.5   155.9   152.9   151.5   148.4   141.8   138.6   130.3   122.4
   116.9   109.6   102.3    98.3    92.9    90.8    87.5    85.6    82.4    83.8
    80.9    80.5    80.3    80.0    78.1    78.7    77.0    77.8    76.4    77.0
    76.2    76.7    75.6    75.2    74.7    74.8    72.7    73.5    73.3    73.8
    72.7    73.8    73.8    72.9    72.3    74.5    73.1    73.7    72.9    73.1
    75.4    74.7    74.1    75.9    74.2    75.4    75.8    75.1    75.2    75.3
    73.0    73.5    73.0    73.7    72.1    73.9    72.2    72.0    71.9    72.1
    71.6    72.8    71.8    71.9    72.5    72.7    71.0    72.9    72.6    72.9
    74.2    74.5    76.0    77.9    78.9    80.9    82.6    85.5    86.7    89.5
    91.8    91.9    91.8    90.9    87.2    87.9    84.3    81.1    79.2    78.5
    78.5    76.5    77.3    76.7    77.0    78.6    78.9    80.6    83.4    84.4
    85.7    88.4    88.0    87.5    88.7    86.1    83.7    83.7    82.2    80.1
    79.6    78.9    78.1    77.2    78.5    78.0    76.0    77.7    76.6    78.1
    78.2    78.5    78.3    79.0    78.7    79.6    80.6    81.2    83.0    84.0
    85.8    89.2    90.5    95.2    96.5    98.5    98.8   100.7    97.3    97.2
    93.6    91.7    88.7    86.4    82.9    82.6    81.3    81.2    81.3    83.0
    83.9    86.8    89.6    92.5    95.6    99.6   100.1   102.4   103.0   102.5
    99.9    97.5    94.9    93.2    89.4    88.1    84.6    82.2    81.3    78.9
    77.9    78.1    77.1    76.7    76.6    77.1    76.9    78.6    78.1    79.6
    81.1    82.3    83.6    87.3    91.1    94.1    97.9   104.5   108.1   114.9
   119.1   120.2   123.3   123.8   119.6   118.7   114.1   109.3   105.6   100.4
    97.3    97.8    96.2    96.1   103.8   101.8   123.0   118.8   116.7   145.0
   142.6   141.3   175.2   169.0   162.1   197.3   185.5   172.5   203.4   185.8
   167.1   190.6   165.2   144.0   159.0   135.2   115.8   127.5   105.1    98.0
    97.1    92.8    89.6    89.3    88.2    87.0    87.8    88.9    90.9    92.7
    95.6    97.8   102.7   106.3   110.6   114.6   116.5   117.8   116.5   117.0
   112.7   108.2   102.7   100.8    95.2    93.1    89.0    87.8    85.1    86.8
    86.7    87.6    88.9    90.0    90.7    93.7    93.1    94.9    93.2    93.9
    91.7    91.3    87.2    84.6    82.8    82.4    79.3    78.4    77.0    76.7
    76.5    76.3    75.7    76.5    76.9    77.3    77.5    79.2    79.0    81.1
    83.1    86.5    89.7    94.8    98.9   106.6   110.8   119.4   126.9   132.0
   137.1   141.6   139.3   140.4   134.1   129.1   121.8   115.0   106.3   102.5
    96.8    91.7    88.2    86.0    83.7    82.1    80.2    79.8    80.3    79.3
    80.0    79.5    78.4    79.4    77.7    76.1    76.8    76.4    75.5    77.1
    75.8    75.6    76.2    76.2    75.7    77.9    76.5    77.9    78.2    78.4
    80.0    81.2    81.9    83.4    84.0    87.2    90.3    91.6    96.5   101.5
   106.6   110.8   117.0   122.2   125.3   128.9   127.8   126.0   124.2   118.6
   113.3   109.0   102.5    98.8    93.9    91.8    87.6    86.4    85.5    84.3
    83.8    84.6    84.7    85.4    85.4    85.9    85.5    86.5    85.7    86.4
    87.4    89.3    89.4    93.0    95.6   102.5   108.0   117.8   128.6   143.6
   159.4   177.0   192.0   208.8   216.8   225.7   220.8   215.8   200.8   183.7
   165.3   147.9   132.8   120.8   109.8   102.9    95.1    91.8    87.3    84.5
    83.2    82.1    81.0    80.7    79.6    79.5    78.8    80.2    80.3    81.9
    80.8    83.0    84.4    87.1    87.5    90.7    92.4    95.8    98.6   100.7
   102.6   106.7   106.1   108.1   108.5   108.4   108.6   107.4   106.7   104.8
   102.9   102.9   102.7   103.7   105.8   110.4   115.6   127.2   137.4   150.1
   164.1   176.8   188.9   198.4   200.6   201.6   191.5   184.6   168.8   156.4
   143.9   132.6   124.2   117.6   110.6   106.9   101.3    97.8    94.9    92.1
    91.0    88.7    88.0    87.3    86.5    88.8    90.6    91.6    95.9    99.1
   102.9   106.1   108.9   111.2   111.6   111.6   107.9   106.3   102.8    98.7
    95.2    91.9    89.1    85.8    83.4    80.3    80.3    78.6    78.4    78.4
    77.8    76.8    78.1    77.0    76.9    78.9    76.6    78.5    77.7    79.6
    81.0    83.3    83.5    86.2    87.4    89.6    89.4    92.2    90.5    91.9
    91.7    89.6    87.7    87.8    82.8    84.0    80.6    81.0    80.9    82.7
    81.6    84.8    85.3    87.9    89.7    92.0    93.8    95.8    95.4    96.5
    95.0    93.2    90.5    89.7    84.2    83.0    79.3    77.0    74.5    74.7
    73.0    72.4    71.2    71.4    69.9    70.2    68.9    68.7    69.9    69.5
    68.0    69.6    69.6    68.6    69.5    69.1    67.6    67.9    69.4    68.7
    68.8    69.7    68.9    68.9    68.2    68.8    66.7    68.0    68.4    66.4
    67.5    68.5    67.3    68.3    68.6    68.6    68.7    68.7    68.4    69.8
    71.3    70.1    71.5    71.4    69.9    71.2    70.6    70.3    70.6    71.0
    69.8    70.1    70.2    71.7    71.4    71.3    71.6    72.6    72.6    72.5
    73.9    74.7    76.2    77.9    78.5    79.5    80.9    84.5    87.1    89.5
    94.3    99.1   103.1   106.8   111.1   114.8   116.5   118.3   116.2   115.4
   112.4   109.0   104.2   101.5    97.2    93.8    90.1    88.4    88.1    86.8
    86.7    87.3    87.1    88.5    88.9    92.3    94.7    97.9    99.2   103.3
   105.7   110.5   110.0   113.3   111.9   112.6   110.2   108.3   103.7   100.9
    95.5    93.7    89.9    86.7    83.7    83.1    80.6    79.1    80.2    79.4
    80.3    81.7    80.8    82.9    84.2    86.9    87.9    94.4    95.2    99.0
   103.2   107.3   112.8   119.3   124.2   133.6   145.2   155.3   166.4   180.4
   188.5   192.7   196.9   192.5   182.7   174.7   158.1   145.9   132.4   119.1
   110.9   103.9    95.8    90.4    88.2    83.9    80.1    80.7    78.1    76.3
    76.0    75.5    75.0    74.9    74.1    73.7    73.1    74.6    72.7    73.8
    74.5    74.0    74.4    75.8    75.4    76.9    78.2    80.0    82.2    85.0
    87.7    91.4    94.1    99.1   101.3   105.0   107.0   109.3   110.6   109.4
   109.3   106.8   104.7   101.4    98.5    96.3    92.5    92.2    90.0    90.1
    91.5    92.8    91.5    95.7    96.8    99.1   101.5   101.9   103.2   105.0
   104.4   102.4   100.5    99.3    94.6    93.2    89.1    87.3    84.9    83.3
    81.0    80.4    78.7    77.9    78.3    78.3    76.7    77.8    77.6    77.4
    79.4    82.5    82.1    85.4    86.6    89.9    89.9    91.1    90.3    90.9
    90.0    90.1    89.0    91.1    90.2    90.0    87.8    88.2    86.5    85.4
    84.1    82.4    81.0    81.2    80.8    80.9    81.6    83.4    84.7    87.0
    89.6    92.7    93.9    97.7    98.6    99.5   100.6   100.4    97.9    96.9
    94.2    91.4    88.8    86.9    83.5    81.7    79.7    77.8    76.5    75.6
    74.3    75.0    73.6    74.6    74.6    72.7    73.5    74.3    73.9    75.0
    75.1    76.6    77.7    80.0    80.6    83.8    84.1    86.8    87.9    91.9
    91.9    93.4    94.6    95.4    93.3    95.1    92.8    91.6    90.6    89.5
    90.6    89.6    90.1    91.0    94.7    96.6   100.1   104.7   111.4   117.0
   127.8   136.6   149.4   160.4   170.8   182.0   189.9   195.0   197.9   197.4
   194.3   187.6   181.5   170.8   159.6   151.4   141.5   132.3   123.3   116.6
   110.9   104.3    99.5    96.2    91.1    89.9    85.1    83.6    83.8    80.7
    79.1    79.3    76.0    76.1    75.5    73.4    72.6    74.3    71.0    72.3
    72.5    71.2    71.1    72.1    69.8    70.7    69.6    69.5    69.9    69.8
    69.5    69.5    69.4    70.9    70.1    71.1    70.3    71.9    72.3    72.2
    73.9    74.5    75.3    77.2    77.3    78.0    77.7    76.8    76.4    74.8
    74.0    73.0    72.1    71.2    68.7    70.7    69.3    69.3    69.6    68.4
    69.6    70.6    69.4    70.3    70.5    70.6    71.5    73.1    72.8    74.9
    76.4    77.9    91.4    81.9    83.2    98.1    87.1    89.0   103.8    92.1
    91.9   108.2    92.9    91.8   102.9    90.1    86.8    98.6    83.0    81.5
    93.1    80.0    80.2    92.8    79.2    80.3    81.5    83.0    84.5    84.6
    85.9    89.0    88.3    88.4    89.1    88.3    87.1    86.7    85.4    83.1
    82.4    80.6    78.5    78.8    77.9    75.8    75.4    75.4    73.5    74.8
    74.0    73.7    73.6    73.8    73.5    73.3    74.3    74.0    74.2    76.1
    76.3    76.7    77.5    79.5    78.1    82.1    81.3    83.5    84.1    86.5
    85.5    86.5    86.5    86.4    84.0    86.1    82.0    82.2    80.3    79.1
    77.1    76.7    74.2    74.3    72.6    73.4    71.8    72.8    71.1    71.9
    72.4    71.8    72.2    73.5    72.3    73.0    73.1    72.8    71.6    72.3
    72.1    70.9    71.6    70.7    70.8    70.4    68.3    69.1    69.6    68.0
    69.3    69.1    68.1    68.9    69.0    69.3    69.3    70.9    68.2    70.1
    70.6    70.5    71.1    74.0    71.8    74.4    75.5    76.8    78.2    79.0
    80.2    82.4    83.7    85.3    86.4    87.0    86.2    88.1    85.9    86.5
    85.3    84.1    84.3    83.3    80.6    82.2    81.1    78.9    79.2    80.2
    79.4    80.7    82.7    82.9    84.2    86.4    86.4    89.4    90.8    91.5
    93.6    94.2    94.8    96.7    96.3    97.3    96.2    97.0    96.3    95.2
    94.9    94.0    92.7    91.6    89.6    88.8    86.6    86.2    84.2    84.7
    84.2    82.2    83.0    83.8    81.7    83.5    84.5    84.5    86.5    87.6
    89.0    91.2    93.2    97.0    97.6   103.0   103.0   107.0   109.3   112.7
   112.5   117.0   115.1   116.5   114.1   114.1   110.1   109.6   106.4   103.4
   101.5    98.0    94.8    93.3    90.6    89.8    87.2    86.6    85.3    85.6
    83.9    84.3    85.1    85.3    85.4    86.6    85.2    87.2    86.3    85.7
    85.9    85.1    84.7    84.5    83.0    83.0    81.9    82.8    80.0    80.4
    79.6    81.4    79.5    81.0    80.5    81.6    83.7    85.4    87.0    91.2
    93.7    98.5   104.6   110.9   116.5   127.3   134.1   142.8   151.4   157.9
   163.6   170.7   173.7   175.2   174.0   173.2   168.4   164.6   157.0   151.0
   144.8   135.7   128.2   122.7   113.3   108.0   102.1    98.2    95.3    91.0
    89.8    88.0    84.4    82.9    81.4    81.9    79.4    80.8    79.2    79.0
    80.0    79.1    79.6    80.1    79.9    80.7    81.2    80.6    81.9    82.2
    80.6    81.2    80.7    79.7    79.2    80.5    78.8    78.6    78.4    78.3
    77.7    76.6    77.2    77.2    76.2    77.3    76.1    76.7    76.3    76.8
    77.2    77.7    77.2    78.7    78.1    79.4    78.0    80.4    79.9    82.3
    82.4    84.7    84.7    87.7    87.3    91.6    90.6    93.3    95.7    96.8
    98.3   100.1   100.0   100.9   100.6   102.2    99.3    99.8    99.0    97.6
    96.3    94.0    91.3    89.8    87.2    86.5    84.6    82.5    81.0    79.8
    78.3    77.3    76.3    75.5    74.1    75.2    73.8    73.7    73.6    73.1
    73.6    73.1    73.0    72.9    73.3    73.6    71.5    72.1    71.6    70.7
    71.8    72.0    71.3    71.0    71.2    70.5    69.8    71.0    70.6    70.1
    71.1    70.4    71.8    71.8    72.1    73.0    73.2    73.2    74.3    74.8
    75.0    75.6    75.9    77.2    77.1    79.6    79.8    81.1    83.2    84.3
    85.6    87.4    89.9    92.0    94.0    95.9    96.9    99.8   100.9   101.8
   104.8   105.0   106.0   108.2   107.1   106.1   107.1   106.7   105.2   105.0
   104.8   103.0   102.3   101.4   100.7   100.0    99.0    99.7    99.8    99.5
   100.0   102.0   103.0   104.3   105.5   107.8   108.8   111.9   112.1   115.3
   116.7   119.0   119.7   122.8   120.7   124.8   123.1   123.5   123.4   125.1
   123.0   123.3   120.2   120.9   118.7   117.9   114.1   115.1   112.4   111.0
   109.6   107.1   104.3   103.3   101.5    99.5    98.0    97.2    95.4    96.2
    94.7    94.1    93.0    94.0    93.3    94.2    93.5    94.7    95.4    97.1
    98.0    99.8   102.3   102.9   105.2   109.4   110.4   114.2   118.6   120.4
   124.7   131.4   135.5   140.2   146.2   152.4   156.9   166.3   174.1   180.6
   192.1   198.1   203.8   214.4   216.8   224.2   227.6   231.5   234.3   236.7
   237.4   236.7   234.8   232.5   227.6   224.4   215.7   211.9   205.2   195.7
   192.6   184.3   174.9   171.0   161.5   155.7   149.5   143.3   139.5   135.3
   131.7   127.6   123.8   121.3   117.5   116.3   113.0   111.5   108.8   105.3
   105.1   103.0   101.8   100.4    98.8    97.8    95.8    95.6    94.5    93.0
    93.6    92.1    91.5    91.9    91.3    89.7    90.1    89.5    89.3    90.1
    89.6    90.3    89.8    90.2    89.7    91.2    88.9    90.7    91.0    91.6
    92.6    94.1    92.2    96.7    94.4    96.4    98.2    99.8    99.3   102.7
   103.9   105.3   107.3   109.1   108.3   111.8   111.5   114.0   113.7   116.0
   117.4   116.9   119.0   121.9   121.3   123.2   124.7   126.4   129.3   131.9
   133.3   137.6   140.8   142.6   147.3   151.3   150.9   157.6   157.7   159.9
   164.5   164.4   165.9   167.6   164.5   166.0   165.6   161.6   161.1   161.1
   156.0   153.3   150.1   146.1   140.5   139.1   132.8   129.3   125.5   121.0
   117.6   114.2   109.2   107.8   103.5   100.5    97.0    97.1    93.6    91.6
    91.1    90.1    86.5    87.5    86.0    83.9    83.0    83.1    79.7    81.0
    80.0    79.9    79.4    78.4    77.9    79.1    77.3    76.3    78.2    77.5
    76.6    77.8    78.1    77.3    78.9    78.3    75.0    79.0    76.4    76.9
    80.0    78.1    78.5    81.7    80.0    79.1    83.8    81.4    81.7    86.2
    95.6    84.4    86.8    98.4    86.7    89.5    99.3    89.4    91.1   101.4
    92.4    93.7   109.8    94.8    92.7   111.5    93.0    93.4   108.7    92.9
    91.5   108.7    97.1    90.7    90.8    95.2    87.7    90.2    92.0    86.0
    87.5    90.3    83.5    87.0    87.6    81.4    80.5    85.7    78.3    80.0
    83.9    77.8    79.2    82.8    76.3    77.9    75.4    75.9    77.9    74.0
    76.1    76.9    74.7    75.5    76.1    74.2    73.9    76.2    73.0    73.6
    76.6    72.6    74.9    76.5    72.4    74.6    74.3    72.4    73.9    74.3
    71.4    74.1    72.7    71.9    72.3    73.8    70.9    71.5    71.1    71.1
    72.5    71.1    70.6    72.3    70.6    70.1    75.0    69.9    70.3    74.2
    70.8    69.9    74.4    69.1    70.0    74.3    68.6    69.5    74.2    68.5
    69.6    74.9    69.4    70.6    72.8    69.9    69.7    73.5    73.8    69.3
    70.7    75.0    72.5    71.2    75.8    72.7    70.8    75.1    72.8    71.8
    76.5    73.4    72.5    75.5    72.6    72.8    76.4    73.3    73.6    78.0
    75.0    74.3    73.7    75.1    74.5    74.3    74.7    75.1    74.1    75.1
    74.0    75.0    74.4    75.9    73.6    75.2    73.8    75.1    74.6    73.9
    74.7    74.9    73.3    76.5    73.4    74.8    73.9    74.7    74.3    75.3
    74.2    75.5    75.3    74.5    74.0    75.7    73.8    74.8    76.0    75.7
    76.0    76.3    75.7    77.6    77.2    77.9    77.4    78.9    78.8    79.0
    80.4    80.5    80.9    82.4    83.2    82.4    85.3    84.2    85.4    86.6
    88.2    87.6    89.5    90.5    90.6    91.4    94.1    93.7    95.5    96.7
    97.8    99.5   101.8   101.9   103.6   105.3   106.2   106.7   108.6   109.0
   110.6   111.4   116.0   112.9   116.2   117.4   118.1   118.5   120.8   118.9
   121.7   122.0   123.0   122.2   124.1   123.3   123.3   124.5   124.7   124.8
   126.2   123.9   125.3   124.6   122.1   123.7   123.1   120.5   120.6   121.9
   138.2   119.0   138.1   136.0   132.2   136.1   163.9   131.1   162.9   159.9
   157.1   161.6   215.9   153.3   221.1   218.8   203.6   216.6   208.4   200.1
 Filelist='hrpt:2018:11351-11511'
 magfield=0.; stx=0.65; sty=-0.45; a4=3.55 4.6; Counts=193381 227729
 Numor=11351 11511; Npkt=1596; owner='sibille'
  a3=0.016; time=241.873 352.119; sMon=151348. 176179.; bMon=193381. 227729.
  pMon=30060758. 35101168.; muR=0.; chpos=-252249.; cex1=46.39
  cex2=-103.69 -103.65; d1w=30.0044; brbo=-1.5005; brle=-5.04947; brri=-2.4495
  brto=-12.4995; mcvl=-3276.; mcvu=2.06; mexz=0.832; moml=-71.; momu=-4.54
  mgvu=-0.15; mgpu=-0.1; device_name='variox'; Preset='monitor'
  radcolstat='Radial collimator is running'; radcol='rc2'; sarot='off'
